|1001|IME001|www.google.com|1000|300|700|20150824201000|20150824202000;
|1001|IME001|www.google.com|1000|300|700|20150824202000|20150824203000;
|1002|IME001|www.google.com|1000|300|700|20150824201000|20150824202000;
|1003|IME001|www.google.com|1000|300|700|20150824201000|20150824202000;
|1002|IME001|www.google.com|1000|300|700|20150924201000|20150924202000;
|1001|IME001|www.google.com|1000|300|700|20150924201000|20150924202000;
|1001|IME001|www.google.com|1000|300|700|20150924202000|20150924203000;
|1003|IME001|www.google.com|1000|300|700|20150924201000|20150924202000;
|1003|IME001|www.google.com|1000|300|700|20151024201000|20151024202000;
|1001|IME001|www.google.com|1000|300|700|20151024202000|20151024203000;
|1001|IME001|www.google.com|2000|300|700|20151024201000|20151024202000;
|1002|IME001|www.google.com|1000|300|700|20151024201000|20151024202000;